3591
1525
1313
3816
1859
2326
1730
3536
1629
574
488
577
6502
1353
1579
1497
2842
6744
909
3275
991
2698
3950
13302
5265
1842
1250
928
1519
2631
1548
2737
1041
1454
1439
1955
1026
794
2240
1303
1218
1363
2016
1792
2463
6392
4896
2871
2112
2015
1259
2176
3526
24255
5958
2603
7662
5904
8928
10740
2187
1900
1693
2296
5983
1843
3602
1522
931
1548
561
456
386
502
401
472
383
453
375
967
623
444
1200
3184
4567
3272
64247
5123
6189
5595
2667
868
1975
1814
3622
8247
22014
2525
2602
1758
1521
1556
2462
821
3378
728
11106
2750
3042
2468
2135
3188
2238
1695
2694
2179
2577
2713
7184
9028
18930
2701
17893
18327
1631
1517
3573
7138
2911
2455
1900
1550
28460
19777
13865
25505
1099
2170
566
502
382
329
388
355
335
398
386
405
497
444
369
393
374
354
316
505
368
346
296
392
839
1164
2169
962
985
364
458
336
292
281
1983
731
2981
6603
490
504
425
397
345
481
455
436
500
2393
465
257
270
275
308
240
358
2092
1158
676
1320
8514
603
562
404
413
407
4012
551
3291
2929
779
370
414
335
246
323
904
449
384
279
302
322
275
291
341
609
575
490
385
426
455
292
329
331
438
344
419
825
491
386
385
794
377
438
374
345
654
1748
1937
2578
627
442
480
4448
507
529
1457
917
1035
1588
15190
13653
1996
12318
17033
458
476
891
359
978
446
330
370
340
357
312
361
341
295
233
258
217
292
208
232
282
206
245
321
418
712
568
815
441
343
852
472
454
309
374
403
285
1665
6293
2375
2761
1507
1319
4462
1812
1918
544
8081
2914
615
442
556
620
442
736
27253
24092
6254
676
541
521
395
333
388
419
424
337
372
405
341
440
318
331
319
353
732
372
361
338
310
511
656
580
441
374
342
987
392
339
344
317
299
303
272
261
343
224
291
778
1651
2327
535
422
400
397
258
256
302
345
466
337
325
512
292
364
399
293
363
269
264
231
2287
1918
11056
1689
1089
310
278
304
212
252
241
231
215
173
182
1375
354
431
338
245
271
248
299
218
319
257
283
2039
385
312
345
385
297
289
221
305
291
292
328
284
285
286
345
242
221
272
207
274
238
256
323
273
6620
1020
656
479
412
315
1447
1674
388
609
375
380
281
351
298
951
395
354
392
334
353
320
356
1650
1726
898
469
580
311
291
422
661
458
367
329
330
467
396
300
370
303
305
294
259
414
335
351
325
390
626
2299
515
399
366
277
227
363
533
358
579
543
6183
1736
1142
419
1825
710
369
273
382
208
261
407
352
320
516
571
2159
505
2702
368
397
288
340
263
304
299
309
210
235
285
208
302
303
225
484
451
293
207
263
214
259
390
204
203
240
169
209
231
186
229
244
463
747
490
736
540
563
4315
597
467
398
355
442
308
308
297
257
294
298
248
213
670
411
314
562
728
375
423
288
296
334
261
324
578
299
317
358
308
291
298
290
397
365
330
346
273
363
438
353
331
333
303
436
370
368
1568
2947
1256
4392
3588
579
376
418
517
260
272
281
323
315
449
331
282
245
315
404
439
328
405
318
234
392
446
1156
764
433
327
367
932
436
285
365
242
244
318
437
302
332
388
344
266
217
236
210
276
207
221
278
238
217
199
174
205
223
235
205
211
200
240
221
250
190
192
188
185
306
1512
814
743
878
1943
330
326
283
326
222
257
213
225
302
413
323
238
224
192
257
224
185
239
237
181
214
298
197
262
242
199
275
227
205
228
226
311
190
315
401
221
231
556
538
3427
433
407
274
325
430
628
3180
603
694
2109
1793
473
372
547
398
358
371
310
448
717
459
392
412
319
368
330
303
316
345
304
284
348
266
310
302
305
333
276
292
298
257
372
372
327
264
335
286
316
311
308
616
382
413
421
285
255
367
312
271
198
285
291
307
255
242
826
310
280
14280
570
583
324
224
293
266
206
203
212
196
331
234
240
185
200
204
232
357
234
213
207
205
262
235
202
230
193
214
1390
414
391
353
299
295
290
210
203
257
198
200
231
184
501
265
1170
277
195
201
242
262
228
2443
502
329
294
234
183
160
246
179
300
227
173
203
463
267
249
311
200
3450
548
6468
2646
1939
1660
2949
1719
4039
3068
3151
1334
3372
1708
800
2803
2753
609
597
843
1582
1658
2131
1624
1050
2078
932
880
513
471
421
376
422
634
504
201
294
230
182
274
238
226
265
404
449
257
254
270
271
271
249
257
256
226
304
259
246
263
205
250
204
351
262
231
226
238
206
183
206
325
255
441
311
275
204
258
251
243
1232
389
315
234
192
168
269
327
197
7583
507
586
383
469
258
355
483
347
311
301
371
413
396
266
387
319
348
1584
379
636
605
606
585
681
654
498
586
543
577
446
694
1139
1386
727
599
521
445
424
473
523
579
550
550
653
1072
630
7784
4127
1755
2047
1732
1507
2455
2915
1596
34456
27691
2142
1941
3189
5706
2170
9889
2797
1700
3048
2522
1697
1383
2039
1843
3033
1805
1663
1508
1598
67601
8185
2148
2680
19403
437
555
653
447
406
436
1724
368
337
294
321
345
309
238
308
318
340
423
370
12139
486
411
288
371
279
320
427
294
609
381
422
261
358
275
285
287
283
389
320
281
288
402
858
465
958
459
263
316
425
530
346
356
305
1096
350
350
305
231
498
358
368
354
263
193
250
285
292
248
1200
449
355
1515
1075
355
292
225
449
318
315
256
302
288
1850
1857
480
420
493
445
332
287
344
408
1524
650
547
2686
479
333
283
342
274
326
516
319
252
235
272
226
506
337
306
318
253
218
321
215
234
228
197
217
236
207
210
197
255
377
328
1403
445
390
454
613
494
460
462
292
331
504
264
310
718
878
463
6799
2622
380
368
362
361
443
736
398
360
409
398
333
408
364
385
316
432
330
369
306
269
321
263
302
272
251
347
670
356
324
352
317
378
321
308
302
1714
1308
890
563
565
367
424
321
437
832
1010
558
449
524
671
413
427
511
398
304
301
368
317
377
384
448
713
540
1353
459
562
751
449
422
302
268
290
302
367
377
340
360
349
301
343
322
300
341
348
814
516
1846
495
451
817
920
523
600
395
352
364
320
346
427
616
390
619
6473
482
564
550
347
310
297
489
3694
471
386
353
260
328
393
518
416
353
366
370
349
302
413
501
550
717
458
627
537
441
347
355
1166
640
492
455
414
397
451
354
884
902
527
754
527
6591
751
566
626
561
593
379
570
842
431
423
519
463
546
426
449
927
593
560
482
482
416
559
581
606
426
362
355
376
453
1076
439
2367
572
466
437
1809
2335
1784
46315
3433
1327
2755
6163
3127
8694
503
442
435
520
617
557
472
2667
598
569
407
318
485
304
303
287
349
7455
707
492
441
354
284
397
403
373
291
255
269
359
492
376
271
1334
1558
1345
1285
3936
687
1273
578
2568
570
561
580
475
380
609
431
422
409
435
370
375
1143
664
1207
3561
2018
2973
3333
2945
2346
7556
3577
3369
1888
2923
1789
474
709
656
581
10953
601
451
511
463
328
275
395
412
649
412
388
401
355
291
401
341
276
325
382
281
590
843
569
462
444
378
638
579
945
995
541
523
420
394
277
281
259
251
341
577
354
332
266
1137
394
327
954
527
740
339
397
243
261
301
207
219
256
193
259
2559
2760
1058
443
438
327
308
319
700
365
318
313
340
291
356
485
390
660
322
302
274
222
335
331
263
351
225
1378
1400
1354
1080
1872
2390
1322
1500
2713
2777
2520
8153
2689
432
368
232
299
263
232
771
331
364
274
310
316
224
195
198
221
195
181
224
219
226
235
254
203
211
218
289
242
223
207
198
263
284
526
498
354
274
277
293
246
5668
512
380
269
343
237
243
281
309
293
257
248
306
252
316
249
230
246
233
306
2067
293
5703
1366
433
490
373
395
381
331
352
297
324
360
290
299
317
281
315
290
275
291
446
1002
887
560
463
363
308
261
401
269
250
267
268
247
241
283
219
252
278
226
264
259
371
325
294
313
282
388
529
381
283
335
261
350
220
236
265
232
227
344
225
219
220
271
255
324
245
392
280
288
290
1660
4808
574
491
238
258
218
186
170
715
717
295
254
254
284
191
218
248
488
339
215
215
222
174
187
185
199
216
226
237
178
243
220
215
154
233
714
268
255
205
207
241
253
195
260
513
284
310
308
212
208
186
172
176
173
161
171
7590
442
717
480
389
392
4850
1202
1862
494
455
434
380
611
570
570
359
415
360
380
351
331
308
319
286
244
250
352
598
456
351
341
315
321
224
523
752
466
459
425
371
568
502
700
488
460
403
409
403
2268
2243
2783
1722
8997
5110
3016
975
556
2699
828
486
354
382
296
321
322
341
221
262
279
293
1680
451
426
302
769
334
282
1320
848
467
339
286
232
230
240
224
267
301
269
273
190
251
204
173
204
182
201
259
219
240
408
348
423
1716
542
515
463
353
360
525
492
409
456
414
799
541
2024
582
628
719
613
577
510
507
1541
748
520
527
571
495
2130
932
863
857
725
596
1236
577
554
595
918
682
598
703
1937
1669
3213
2692
1313
3136
2765
2726
2383
1686
9585
1861
500
793
535
665
415
331
243
665
368
583
336
330
397
301
297
3415
2862
387
190
215
162
165
170
291
279
312
295
442
244
243
199
171
224
211
1709
198
234
267
149
169
143
140
156
224
235
134
162
185
161
188
196
194
168
350
185
199
180
195
202
164
139
163
159
514
206
247
215
180
163
1998
307
209
203
207
168
201
229
311
194
161
193
192
203
151
147
188
175
162
186
231
190
175
164
187
173
170
219
236
198
192
147
173
182
2470
365
482
218
250
220
314
252
252
225
194
206
223
208
242
238
232
222
173
226
230
220
194
178
266
194
293
218
250
269
230
355
252
905
441
255
318
260
221
285
238
270
248
230
285
253
205
241
238
191
237
217
267
218
252
242
1072
2490
23994
535
419
407
334
289
287
231
258
227
263
251
213
200
255
241
266
231
216
190
271
279
217
254
188
182
214
228
211
217
178
221
192
831
479
347
289
178
162
228
216
189
161
201
149
271
213
178
167
155
192
199
163
205
167
205
204
200
192
188
205
187
160
201
205
185
221
207
182
213
224
219
233
195
205
205
182
215
227
195
196
204
224
218
212
217
200
215
216
190
203
166
224
179
246
201
253
235
227
215
225
151
226
184
213
192
193
187
181
178
196
174
216
159
217
193
234
207
241
220
175
236
177
204
165
207
167
203
199
226
195
229
168
250
176
207
206
190
236
211
221
178
182
229
182
220
235
178
1404
428
424
350
420
334
252
277
262
217
165
199
178
178
163
204
199
155
210
187
197
175
204
198
220
194
193
173
207
178
187
200
204
213
230
244
236
226
213
221
231
199
254
212
202
230
190
210
187
230
232
205
225
224
1014
398
340
277
244
241
251
229
219
203
227
215
261
268
210
223
223
238
264
189
233
197
196
243
231
179
219
224
156
221
248
256
2187
275
256
271
294
274
268
266
290
230
292
253
239
251
635
440
259
187
235
210
197
200
266
192
188
230
245
208
218
194
238
207
202
193
226
227
206
221
205
282
218
242
287
273
374
759
295
256
243
289
237
224
210
232
211
1014
511
334
304
264
217
204
241
255
167
182
242
146
12153
396
302
279
218
195
223
236
219
210
182
194
225
172
180
248
227
150
207
211
203
184
160
193
184
174
162
150
209
160
175
146
173
195
171
217
195
177
198
153
160
162
179
180
153
193
279
267
231
189
170
158
223
176
171
211
207
163
161
186
190
163
206
153
187
207
202
169
159
202
210
235
240
262
276
236
244
254
261
271
235
225
277
260
236
232
250
271
269
268
238
231
220
213
281
291
272
262
276
266
231
288
270
259
240
4157
455
437
279
239
226
256
257
235
251
234
176
184
219
218
248
212
183
222
192
197
235
211
185
192
198
234
217
228
205
233
231
240
1281
2296
373
386
280
354
366
231
208
211
186
225
226
220
192
197
141
160
188
210
180
205
180
211
188
151
201
179
174
151
183
155
199
140
148
201
197
218
200
191
201
182
155
155
150
199
206
157
192
13007
491
457
477
318
302
256
218
273
219
214
218
209
223
226
213
183
204
217
220
225
254
195
325
211
188
203
206
201
215
228
223
284
573
279
314
285
232
200
206
804
247
292
219
261
242
218
210
242
200
192
241
196
169
168
223
169
207
233
170
188
258
296
281
252
241
209
264
213
208
236
2447
579
414
219
256
225
226
237
180
191
170
186
188
189
1417
366
310
287
212
178
209
266
226
194
273
182
181
228
224
238
214
249
199
322
234
210
239
280
248
230
267
242
264
236
188
223
262
236
230
223
281
258
283
383
315
277
286
463
750
482
224
181
180
173
213
521
203
199
221
215
171
200
162
176
207
225
205
222
166
200
179
164
153
174
197
180
197
241
3646
1906
2475
1220
413
347
259
358
223
222
261
250
190
231
193
229
198
251
238
254
599
283
206
200
186
180
210
217
205
168
211
166
168
213
243
230
180
187
219
235
177
232
234
197
198
213
237
459
191
205
207
228
199
165
235
178
186
176
191
163
203
403
954
498
352
350
261
182
416
241
188
217
190
181
297
231
203
616
262
211
252
249
225
242
2924
326
270
268
576
250
255
214
228
239
186
336
571
332
330
300
249
281
283
259
365
575
273
275
324
219
269
248
227
233
234
205
245
240
232
262
308
197
227
201
182
229
245
221
240
232
204
217
230
188
238
211
337
211
215
224
268
280
193
286
231
204
213
227
189
261
251
190
217
204
191
210
424
254
279
271
220
323
323
583
337
352
3179
1177
423
329
283
239
239
268
221
208
271
229
545
184
204
232
177
222
216
239
244
183
215
187
201
189
164
368
168
208
231
217
235
213
167
213
181
187
203
253
233
176
207
236
215
218
204
221
215
192
185
171
163
181
218
175
235
192
201
212
328
188
448
306
676
339
290
176
217
155
194
192
177
197
199
185
179
162
163
182
195
177
180
199
178
196
166
207
163
174
175
265
189
176
161
184
197
139
215
210
173
213
164
177
175
189
223
166
164
198
172
190
195
174
146
145
161
188
178
185
178
178
202
175
177
192
214
187
279
216
197
185
160
171
181
157
139
185
174
207
176
181
201
162
178
164
