17668
12807
12563
10843
10219
6507
10876
8844
9475
7479
7595
15960
12956
6850
8589
6963
10620
8198
8116
8323
8153
8247
8741
9271
10951
9335
8876
11661
7141
9910
8413
8066
10796
9555
6577
8291
8593
8681
8700
6608
11034
13134
13059
14406
9503
11073
9843
12056
13087
13730
15089
15401
14898
10506
7536
9673
8649
10767
8991
8626
8308
7441
6778
9779
9131
8661
8154
8438
7271
8478
9301
6957
8407
9255
10738
10124
9679
9552
13423
9658
8134
10554
9314
9879
8259
8257
10142
11652
13495
8484
8901
10874
8726
8715
8789
9066
8823
8826
9640
8680
8885
8946
8470
8830
11840
13517
13416
13381
13431
15078
11487
7571
10720
8458
8467
8489
9174
13401
9645
7397
7094
13203
13371
11713
12082
11026
10187
8445
9148
8638
8629
8638
8154
10196
15101
10024
15585
9404
9204
8646
8684
8702
8724
8615
9535
12546
12300
11702
8644
8641
8630
9671
9316
8655
9766
11785
9355
7102
13431
11723
10175
13419
13405
13429
13451
13415
13527
9233
10450
11734
13430
15040
12763
8986
8621
8757
8832
9994
8676
8660
9583
9276
8926
9629
12791
8884
8732
8790
10388
8919
8928
9703
8862
13439
11692
10165
10334
8577
8204
11413
8857
8367
12222
9854
9589
9510
9257
8629
9273
13938
13386
11007
8374
10485
14160
15154
11757
12850
9257
8718
8776
11733
15055
11824
12062
10167
11838
13027
9676
10992
9652
8690
10213
8735
8793
11020
13234
14040
12990
11023
13056
13064
13579
15399
13272
13236
14916
13212
13519
14869
11294
9548
8716
8813
8498
13172
9158
9068
9419
11494
6891
8590
9624
8774
9267
8605
8741
8888
10637
8427
8647
11831
12257
13689
9148
8624
7772
10307
13684
15354
10250
8727
10701
9868
8675
8540
10046
11918
15288
11583
8594
8589
8646
8806
9472
8629
8624
8546
8607
8090
10776
10323
8041
9581
8462
9315
7301
8496
8679
8584
8524
8083
9026
8510
8339
9215
6978
8449
11679
8895
9485
8147
11722
9917
8930
6306
11410
9682
8399
9931
11022
12949
13168
13223
11480
8244
10226
13004
13107
15433
6731
15641
11014
12372
13317
13235
17386
13096
6794
9786
14545
13748
9751
11685
8477
9708
12206
13216
16166
13270
13297
15437
10917
8986
7990
10631
12498
13248
9239
8049
10840
17699
7859
8674
11728
11044
9661
15074
12863
15418
15207
8792
9273
13232
13534
13415
12817
15247
11126
12935
13440
14059
6528
9779
8503
9738
13431
10873
8565
8654
8718
9827
8579
12016
12042
13683
15372
13704
10852
10304
15350
10324
15371
15376
10577
8712
12273
10455
8641
8613
8901
8711
8636
8544
8380
8635
9239
9635
9548
15711
10341
8629
9621
8569
12753
8690
8654
9246
8237
8438
11419
8724
9482
6845
8512
9245
9668
10402
8596
8634
10414
9610
14020
7405
8333
9955
10462
8801
8551
8180
8483
8615
9151
9840
13185
13276
14506
11179
13219
12385
12789
13228
11011
13088
8577
9686
13323
13288
13325
13314
13321
13296
14708
13319
13321
13338
13318
13061
15504
13217
11170
12923
13332
12890
14113
12403
13257
13056
13308
13326
13320
11369
10900
9122
9058
9565
8525
9074
8934
13296
13227
13316
15372
9985
8624
10275
15102
10953
7949
7898
8703
9709
8935
6678
13276
13288
13278
10184
8533
7782
10594
6755
6690
8454
8668
8067
8656
11659
11317
7178
11013
9840
11175
8406
13348
13278
13319
8871
8914
6553
9255
9059
8984
11540
6057
8489
8102
10728
5346
13320
11226
13262
13345
13343
13339
15541
13347
13280
11153
13344
13347
13355
13273
7180
8363
8365
8620
8429
9003
8249
8139
8615
9283
8453
10725
9598
9125
7572
13160
7846
11641
13319
13827
13324
13320
13303
13313
13311
16396
10672
7311
12336
8473
9141
9501
8613
8023
8580
8379
8471
8609
10895
8590
8738
9526
10708
8438
8740
11636
10843
13278
10755
10870
8157
8456
6508
8757
9500
10101
11785
11050
13037
8403
7938
7754
8743
11026
8030
7987
8401
9938
15410
7130
8675
8815
9083
8454
7865
8306
8151
8274
6520
13755
13242
11568
10795
8351
8751
8300
8743
9871
10940
8588
9859
8590
8627
9774
8594
12447
8583
15612
6420
9970
8737
5577
8919
11108
7457
9765
8395
9322
10488
12970
8504
10807
7115
14283
7094
8570
9158
8602
10787
13123
11246
8633
13290
13288
13333
9702
10812
7023
9156
10758
6583
9229
9119
11282
7425
12326
12458
15101
9910
5296
11680
15854
9630
6677
13810
7638
10757
8435
8378
9950
8696
8761
9961
8734
9166
11268
11593
11732
13905
9553
9511
11087
10509
8677
8704
12749
13405
13416
13390
11091
8515
9030
15676
11749
10343
8679
9848
10086
13217
7050
8721
8669
14478
13468
11921
15311
11914
15364
15341
10317
15359
15343
10161
13444
13443
13437
11781
13459
13457
13548
13296
13457
13478
13452
11746
15124
10903
9089
8766
8735
9750
6680
8587
11910
8592
8567
8657
8605
8044
8555
8689
8660
9726
9919
11156
8435
9741
7599
8324
13257
9696
8753
8324
9773
8554
8576
8470
8639
8188
8554
8754
13307
13359
8539
8636
8702
8391
8601
8674
8185
14120
7800
8671
8412
8492
10653
6754
8509
8700
8637
7098
8766
10672
6643
9483
9322
9760
8608
13666
13674
14209
9925
9263
7139
10792
10906
8792
6691
8647
8709
8696
8679
8728
8785
8690
12755
10959
8709
9093
8621
13285
11718
9637
12041
13344
13325
13141
11015
12825
13289
13256
13282
13280
13284
9689
8583
8659
8616
10894
9369
9342
7158
8676
11521
6761
11509
6696
9147
8615
8587
8651
9182
8675
8717
8627
8658
8627
8490
7360
11486
7383
11368
8292
8463
9481
8405
8758
8944
13251
13299
13271
13317
13241
13310
15379
11157
9817
8574
8536
8607
8640
8576
8673
8658
9872
8653
8221
8827
8553
8741
7982
9431
6565
11611
13250
13258
13343
9651
8010
8564
8618
10923
7087
11368
8854
7166
9112
10801
9484
7342
11525
9453
9499
9399
9491
9434
9444
9428
9437
7212
9422
10022
6653
11404
12131
15381
10174
13466
13451
16472
13556
13481
13414
13423
13484
13463
13463
13367
12781
11764
13461
8840
8787
9021
9947
8731
9179
8827
8821
8861
8250
8692
8662
8846
8737
8596
8847
8774
8671
8829
8794
8449
8589
8800
8716
8672
9122
8966
9561
10621
9093
9630
9336
9252
9229
9064
9346
9231
9422
9537
9348
9284
9616
7787
7668
9770
8853
9658
12769
6762
7968
9537
9889
8072
11114
8453
10430
9834
8566
11806
9468
12708
6724
7253
11469
6665
8512
10802
6770
9574
10664
6740
6916
10735
8185
13204
11839
9864
11325
11637
11410
8263
8789
11949
8817
8273
9849
13292
14984
11329
12447
12888
8258
9053
10753
6450
10848
8043
8322
8412
9177
11462
7274
11701
7889
9372
10807
7038
10305
9689
9181
8514
10804
10081
7118
10672
7340
10765
9210
9282
9370
9482
9394
7247
9656
9604
8550
7329
8302
8462
8173
8573
9744
13287
13346
13344
13351
9785
8666
8612
8690
13318
13334
13352
13342
13362
13323
13354
10072
8570
8461
8658
8262
8432
9301
8212
8509
8633
8607
8516
8730
8687
8658
8677
11005
9431
8668
8556
8513
8645
11495
6523
8302
8294
10513
8699
8448
8507
8583
8606
8534
8724
8397
8502
8666
8633
8718
8559
8541
8717
11552
8938
8895
9919
10071
9080
11211
6757
8660
8781
8989
8574
8886
9026
10855
6680
9058
9440
9159
6565
6122
8593
6544
6745
6588
7048
6570
7075
6488
6590
8787
9068
9384
14270
9989
9379
8767
8971
8686
8872
8973
9700
8837
8990
7746
8228
8999
8881
8983
9241
8838
8941
9743
8867
7256
9096
9831
11367
8411
10131
13432
11073
8719
8586
8250
8706
8570
8700
9931
13472
10550
10919
9956
8808
13439
13406
13417
8502
13423
10287
8029
9284
13464
9027
8447
13462
11780
15159
9715
7805
7682
8149
6896
8449
10811
8703
8361
8564
8083
8618
8729
8319
8776
8817
8249
8567
13419
13473
9028
8645
8874
8812
8798
12283
11532
8694
8246
8554
11825
13404
15266
13489
13540
10754
8826
8777
8771
8782
8680
7346
9086
8753
8754
8803
8645
8824
8830
12455
11722
15094
8395
8669
8730
8791
8645
8711
8735
9506
8729
9411
6897
10131
13480
11183
7166
8954
8677
8644
8904
8884
8870
8999
10625
13438
9795
8708
7763
9481
9643
8700
8734
8955
8601
8838
8989
12439
12464
8031
8460
10306
7663
8336
8768
11099
10543
8718
8786
8798
8670
8784
8822
8727
8932
8673
12721
8859
8880
8817
8942
8877
12657
13411
13417
11752
13454
13488
13420
13463
13491
13445
13422
13433
13549
13455
11753
13425
13463
13498
13322
10535
8705
9751
8672
8679
8751
8783
8672
8811
8384
8849
8901
8731
8762
9018
8843
8930
9000
8853
8812
8708
9003
9516
7974
13918
9404
8784
8631
8581
9820
8641
8604
8834
9425
8915
9214
9433
8824
9235
8380
7165
9559
8475
8030
8366
8462
8324
9625
8477
8431
8352
9679
8789
7893
8673
9067
8619
8698
8800
9342
11839
10531
8851
12266
10896
9171
8581
9311
8347
8346
10136
13422
12283
13449
13541
11941
10196
9910
8682
8700
10516
8839
8711
8495
8876
8467
8882
8997
8755
8862
8750
8732
9902
8389
8779
8771
8440
8445
9097
8451
8451
8710
8337
9201
8931
10236
8828
11122
8761
7129
7837
14825
11336
8966
13263
7553
8145
10165
13201
13176
13220
13173
13195
12764
13177
10832
13297
13341
13327
13351
12328
10811
7592
9213
8648
6991
8731
8763
7842
7672
6884
8563
8875
9859
8602
8205
8719
8479
8201
6887
6886
7359
8616
9675
10092
8430
10712
8958
8598
8853
11917
8559
8724
7917
6559
6593
9803
10829
8412
8492
6546
6612
6594
9083
6809
10786
11592
10910
7801
10400
11620
13022
12056
6592
6654
8727
9012
10710
10196
11612
10883
12548
13318
13348
13007
10464
9151
9962
11977
8522
8502
9852
8642
9362
9192
11574
10374
8465
7817
11636
13301
11987
13372
13370
9803
9870
8774
9893
9805
9674
11787
6717
8491
10263
9059
8711
11344
9342
7268
8406
10703
6725
8732
11916
9685
9610
7894
13902
7147
10899
7490
10204
9170
9414
8488
8749
8508
10958
11866
9859
10944
9437
9706
9317
7290
8624
9801
11454
10022
9669
9434
10693
9233
9362
8745
9367
9455
9122
9066
8929
5108
12070
13348
11102
9790
8701
10385
10786
7133
11419
9438
9397
9386
9409
9362
7093
8650
8695
8225
8598
8428
8596
8633
8568
12990
6648
8973
8731
8651
8787
8682
8661
8747
8673
10827
12035
6681
8226
6608
11584
9525
9375
11131
10273
6747
9899
9473
8690
8651
8820
8758
8272
8891
8793
8977
8625
8750
8866
9987
9881
8840
11035
13337
11801
9249
8443
7670
12135
12985
12030
12436
13342
13346
13373
13351
13358
13330
9329
7515
8857
8739
8806
8703
8798
10915
13294
13301
13290
13108
13306
12039
8883
7107
11377
6756
10809
9375
6680
10875
6811
8526
8513
8626
8546
10806
7146
9089
8865
8923
9077
11503
9799
10324
10194
13205
13277
10854
9707
6633
8440
9230
11707
6596
8752
11353
7167
11686
5803
8290
9041
9711
10185
7228
8835
8903
11652
9570
9558
7265
9000
8764
8570
8836
8836
8817
8906
8850
7960
8092
9469
9571
9560
9033
9386
8027
8244
8670
8586
10919
7840
9545
6669
10012
9635
11047
9424
11575
7351
9124
9151
9277
9333
8349
11592
7417
8422
8564
8384
8462
9692
8411
8489
8507
8519
9532
8766
8452
7543
8290
13336
13429
9494
9276
9540
6966
8467
8447
9301
9402
9283
10599
9368
9372
9493
9877
8659
8690
8965
13076
7209
8735
8603
8726
8667
8665
12043
11157
13279
13285
11626
9186
8506
8522
8373
9053
9553
8509
7589
9955
8301
8590
8586
8639
8733
6560
8680
13357
9984
8597
8599
8818
9353
6535
13453
13279
10601
8547
6531
13420
10753
8260
8325
12038
13168
15917
13244
15497
12120
12029
9552
8540
8577
8421
8520
8556
11313
6959
10353
9394
10105
9279
6696
9214
8682
9617
8691
8717
8750
8727
8714
8755
8718
10986
8689
10958
8515
10961
7847
13343
13356
11320
13314
13274
13173
13390
13031
13354
13034
13342
13191
13315
13335
13330
13342
13397
13194
13212
13307
9559
14449
6875
6575
7999
8610
8537
10689
7241
8651
8585
8661
8514
8646
7840
15602
11130
8702
8668
10091
9064
10820
9277
7178
8659
8529
9152
9502
8198
8687
8744
10852
7147
9264
9075
11372
9374
7073
8844
13255
13488
11197
13175
13368
13349
12989
13223
13374
13371
11629
8243
9107
13339
12371
8366
8477
8554
8613
8543
8011
8136
6566
9337
8566
8614
7008
11666
11351
13399
12931
9844
10390
7119
11596
6604
9779
10921
9361
9397
8793
9251
10665
6684
10751
6698
8416
8478
9113
9746
8482
8504
8595
11900
9309
9544
9367
9269
9565
9008
10483
9796
9246
8369
9539
9200
12442
10203
9181
11123
10261
7158
8710
8684
10951
8968
7427
8613
8763
8656
8700
8017
8669
8741
8604
9272
10782
13403
12993
13344
10418
8605
8599
6184
7033
8591
8536
8294
8365
9757
13331
13318
9714
10822
6521
8461
11201
9181
8587
9384
6384
9297
9422
9221
9522
9302
11766
7147
11793
8894
9837
9860
9207
11294
9762
9811
10003
9684
10417
9811
8453
9512
8305
8322
8390
8595
9376
6897
9992
7987
6869
11675
7906
8825
8487
9060
9245
8024
11478
7630
8295
10385
9469
8404
8696
11031
10814
7400
8581
8607
8530
9580
10210
13063
13302
8500
13317
9523
9689
7282
8592
13392
13372
11708
18523
10994
9941
8525
9113
9362
7626
10871
6097
9482
10789
6738
8710
11601
11637
10000
7160
8644
8189
8687
8762
8851
8678
8691
11026
16731
5584
8049
7231
7171
8683
8637
12385
11460
8816
8686
8586
9986
8619
9832
8696
8710
8638
9858
7586
12740
7329
10367
6714
8731
8697
8741
8808
8692
9933
8707
9222
9750
9706
6557
8171
8339
11029
9638
9164
13339
12534
11647
10937
7207
9658
11417
6729
6699
8634
9623
8495
9285
8593
9776
12975
13311
13118
13104
6936
10504
8388
11733
14769
10215
13340
10587
8461
8547
8284
8646
8883
8409
8335
11578
7074
8578
8499
8376
8446
10956
9145
6642
9154
8329
8644
8772
6564
8215
9705
9728
8347
9165
6960
8780
12435
13389
11158
13093
13168
11071
9442
7873
9532
7416
10389
6420
8565
5779
9619
13140
9233
11342
9666
8133
9820
12993
13337
15372
13275
13352
13319
13723
13288
13366
11560
9216
8475
8443
8501
9254
10804
13379
13320
13302
9486
9793
8648
11797
8439
9331
8587
8673
8773
13941
11341
9004
13173
11308
13355
13347
13367
13287
13200
13110
12030
13084
11633
13289
12069
9612
8667
10266
8361
9690
8311
8427
8027
11449
7125
8600
10348
6119
8702
9218
8515
11463
8914
13264
13295
9678
14543
7649
9457
7294
14791
12160
13340
13356
15737
10842
7695
8405
8907
9746
15058
11720
13875
7960
7568
7002
9338
8259
9066
11533
8337
11250
10326
10377
8438
9333
10975
13493
10805
8619
8647
10355
8714
8745
8670
8731
8934
9731
16331
13456
12411
9886
9399
8797
8787
8685
9766
8742
8782
8779
13574
8300
8670
15218
16293
10556
10159
8721
9595
7308
9525
7586
9550
8012
10761
10150
13548
13494
10263
9730
13350
8864
8324
10610
8759
11605
11170
8748
8819
8710
8805
8689
8711
8536
8978
8817
8798
9415
13419
13367
9388
10134
8731
8750
8681
8808
8754
8794
9452
16930
13404
13552
14270
11172
9396
8783
9692
8851
8719
10602
8627
9377
15124
10147
13431
8550
8755
8741
8635
9509
8894
8886
8944
9384
13455
13439
14770
11534
13483
15170
11991
10148
13486
15139
13466
13809
10884
9496
8800
8861
8266
13434
16880
13454
12594
10638
8497
9880
13445
13995
12288
9517
8697
8784
11025
11108
8461
8991
12288
8782
8869
8825
8682
8841
8709
10460
8813
9518
8823
8858
8822
8866
12317
12379
8737
8239
13443
11788
12932
9332
8625
7103
8586
12163
12157
8591
9643
13320
10986
8407
10972
14591
13313
15431
11291
13348
13381
13372
15067
14376
9896
8631
8473
8649
8741
8217
8596
13908
12156
13837
13326
11028
11825
6817
10131
8416
7902
10580
9602
11652
12241
8206
8491
14330
11101
10847
10360
11615
8474
8613
10999
12130
8350
8535
10991
6849
12480
13312
12797
9043
8375
11643
14539
6909
9035
10445
8306
7811
11498
7542
8513
7057
9845
7816
9596
10665
6648
9013
9072
8285
12861
13352
9572
11188
13346
8675
9974
9533
8683
9214
9822
10504
10356
9632
8184
8716
9680
8549
8849
13415
11794
19378
11397
12438
14642
12665
13501
9049
8321
7974
12124
8996
11326
9815
12087
9187
8835
10383
8784
9992
8171
11731
8812
8486
13411
13361
13529
13082
14849
9797
8538
8515
9578
9462
13064
9658
8422
10751
6488
8173
8083
13380
10168
9835
12885
9744
8488
8579
8563
9030
9829
13311
11970
13401
11227
9036
8609
9929
8624
8606
14340
9053
10757
8266
8530
12564
8065
9681
8518
9015
8013
8088
8547
10560
8356
8645
8577
8766
8624
8756
9777
9183
8776
8685
11749
13360
13353
12478
9049
13066
6628
8641
8576
8675
8712
13194
6767
10809
7033
8956
7545
10311
8343
10804
13256
9430
12330
11340
7947
9844
8627
8550
12271
13348
11355
13370
8304
12881
8354
8539
8656
9211
8509
10423
7317
9989
7124
10647
8786
9407
6689
8087
9070
13270
13491
13279
12892
9681
8520
9717
10413
6595
13171
9480
8566
13017
13126
8959
9805
9612
8576
11351
8696
8794
9671
10986
6682
6605
9648
8077
9988
11651
13140
8987
12855
9198
6717
10618
8809
8237
9477
10804
13374
13401
10443
7087
11731
13395
9247
8589
7969
8733
10606
6622
13407
13347
13415
12803
9261
10803
13382
15578
12834
8299
8614
15033
13374
15913
13638
14496
7514
8774
10884
9328
9392
8039
9074
9215
15401
6657
9136
8554
9051
8496
9634
8458
9399
9423
8150
7774
8627
8100
9371
7774
8759
8458
8514
9720
9496
11257
8465
8691
8990
8535
8714
8581
13579
12875
15046
13289
16316
10732
9231
7076
14028
9239
8357
10793
6676
8924
10946
9053
11653
6825
13267
11161
7543
14203
10995
6692
10442
8768
8594
12192
14879
8565
10816
10640
7024
8758
11896
8749
11397
6631
9638
10264
13216
14494
13292
13258
11099
8720
8376
8045
8605
9255
9435
9171
9669
8627
8577
10258
8383
8687
10187
11967
8422
13276
15542
6731
9877
9320
10230
10205
8223
10047
11690
6680
8636
8679
8646
8665
8581
9846
9259
6768
11587
15100
8833
9836
12607
13026
13845
13385
13659
13334
7997
